contig	position	reference_kmer	read_name	strand	event_index	event_level_mean	event_stdv	event_length	model_kmer	model_mean	model_stdv	standardized_level	start_idx	end_idx	samples
cc6m_2244_T7_ecorv	30	ATCCG	25d8dea9-62be-4339-84ab-3fc4b2c50e13	t	1	69.70	1.953	0.00225	ATCCG	71.19	2.30	-0.55	116653	116662	67.6662,66.2839,70.0851,68.5301,67.4934,72.1585,70.0851,73.8863,71.1218
cc6m_2244_T7_ecorv	30	ATCCG	25d8dea9-62be-4339-84ab-3fc4b2c50e13	t	2	75.74	4.678	0.00175	ATCCG	71.19	2.30	1.66	116646	116653	72.504,69.0484,72.8496,85.2898,82.8708,74.4046,73.1952
cc6m_2244_T7_ecorv	30	ATCCG	25d8dea9-62be-4339-84ab-3fc4b2c50e13	t	3	69.36	1.448	0.00550	ATCCG	71.19	2.30	-0.67	116624	116646	68.7029,66.4567,69.9123,74.4046,68.3573,68.3573,68.5301,68.0117,69.5668,66.2839,70.2579,69.5668,69.2212,70.6034,72.3313,68.7029,69.394,67.839,69.2212,69.9123,70.4307,69.9123
cc6m_2244_T7_ecorv	30	ATCCG	25d8dea9-62be-4339-84ab-3fc4b2c50e13	t	4	71.79	1.047	0.00175	ATCCG	71.19	2.30	0.22	116617	116624	72.6768,73.5407,70.4307,72.6768,72.3313,70.0851,70.7762
cc6m_2244_T7_ecorv	30	ATCCG	25d8dea9-62be-4339-84ab-3fc4b2c50e13	t	5	69.25	1.256	0.00275	ATCCG	71.19	2.30	-0.71	116606	116617	70.6034,69.7395,70.2579,70.4307,65.42,70.949,69.5668,69.2212,68.0117,68.5301,69.0484
cc6m_2244_T7_ecorv	31	TCCGG	25d8dea9-62be-4339-84ab-3fc4b2c50e13	t	6	75.79	2.840	0.00375	TCCGG	76.57	2.78	-0.24	116591	116606	75.0957,74.2318,77.5147,76.8235,77.5147,72.1585,75.7869,72.1585,84.5987,79.7608,75.6141,72.6768,71.4673,73.3679,78.033
cc6m_2244_T7_ecorv	31	TCCGG	25d8dea9-62be-4339-84ab-3fc4b2c50e13	t	7	83.06	3.001	0.00425	TCCGG	76.57	2.78	1.96	116574	116591	88.5726,87.0176,78.7241,81.4886,83.9075,80.7975,83.9075,85.117,77.6874,77.8602,79.4152,84.4259,86.1537,79.9336,84.5987,82.8708,89.6093
cc6m_2244_T7_ecorv	32	CCGGC	25d8dea9-62be-4339-84ab-3fc4b2c50e13	t	8	96.56	4.196	0.00600	CCGGC	95.13	4.98	0.24	116550	116574	92.0282,97.9027,98.0755,92.201,95.6566,104.814,91.8554,93.2377,89.2637,95.6566,97.0388,94.7927,91.8554,105.16,103.259,93.9288,104.814,92.7193,91.6826,96.6933,97.73,90.4732,102.395,104.296
cc6m_2244_T7_ecorv	32	CCGGC	25d8dea9-62be-4339-84ab-3fc4b2c50e13	t	9	101.63	3.313	0.00175	CCGGC	95.13	4.98	1.10	116543	116550	106.023,103.777,104.296,96.3477,96.5205,98.9394,105.505
cc6m_2244_T7_ecorv	32	CCGGC	25d8dea9-62be-4339-84ab-3fc4b2c50e13	t	10	94.48	2.613	0.00525	CCGGC	95.13	4.98	-0.11	116522	116543	93.4104,96.5205,97.73,89.6093,93.9288,97.3844,94.7927,92.8921,94.4471,93.756,97.73,88.7454,89.6093,94.6199,97.0388,92.3738,100.84,92.201,97.0388,91.6826,97.73
cc6m_2244_T7_ecorv	32	CCGGC	25d8dea9-62be-4339-84ab-3fc4b2c50e13	t	11	100.34	3.968	0.00475	CCGGC	95.13	4.98	0.88	116503	116522	94.9655,94.1016,103.432,94.2744,91.6826,104.641,105.332,108.097,97.3844,94.2744,105.678,100.149,99.9761,102.741,103.777,104.987,97.5572,101.358,102.049
cc6m_2244_T7_ecorv	33	CGGCT	25d8dea9-62be-4339-84ab-3fc4b2c50e13	t	12	112.76	4.294	0.00375	CGGCT	110.54	5.31	0.35	116488	116503	111.552,113.453,113.453,112.416,110.17,113.28,110.516,100.494,116.736,115.699,117.6,120.191,120.364,109.997,105.505
cc6m_2244_T7_ecorv	34	GGCTG	25d8dea9-62be-4339-84ab-3fc4b2c50e13	t	13	115.35	3.247	0.01300	GGCTG	111.28	3.55	0.96	116436	116488	115.354,117.081,117.772,117.427,118.291,117.945,118.636,115.699,119.155,120.364,102.913,110.861,118.809,115.008,120.364,119.328,113.971,118.464,109.479,124.165,114.49,112.935,108.961,110.17,117.254,115.872,112.589,118.982,110.688,114.662,115.008,110.861,115.354,112.762,119.673,104.641,117.945,114.317,115.872,116.39,114.49,117.427,117.945,118.636,116.045,112.589,113.799,116.909,112.935,114.662,115.354,116.909
cc6m_2244_T7_ecorv	34	GGCTG	25d8dea9-62be-4339-84ab-3fc4b2c50e13	t	14	112.56	3.763	0.00175	GGCTG	111.28	3.55	0.30	116429	116436	105.678,112.244,112.589,117.081,112.589,119.673,108.097
cc6m_2244_T7_ecorv	34	GGCTG	25d8dea9-62be-4339-84ab-3fc4b2c50e13	t	15	115.42	3.652	0.00925	GGCTG	111.28	3.55	0.98	116392	116429	111.552,118.982,115.526,113.28,118.809,112.935,112.071,115.699,114.835,117.772,117.081,117.081,109.479,112.589,116.045,115.181,115.008,117.254,116.39,115.526,115.354,93.9288,117.081,115.526,118.809,115.872,117.081,117.772,112.762,116.563,118.291,117.6,117.772,114.835,119.328,117.254,121.574
cc6m_2244_T7_ecorv	34	GGCTG	25d8dea9-62be-4339-84ab-3fc4b2c50e13	t	16	115.61	4.999	0.00450	GGCTG	111.28	3.55	1.03	116374	116392	106.887,109.133,111.207,102.913,120.019,122.61,113.971,121.746,109.825,115.699,109.133,120.537,122.265,118.118,120.71,121.746,118.118,116.39
cc6m_2244_T7_ecorv	35	GCTGT	25d8dea9-62be-4339-84ab-3fc4b2c50e13	t	17	83.13	2.434	0.00725	GCTGT	84.35	2.85	-0.36	116345	116374	85.8081,82.6981,82.8708,85.9809,82.5253,79.0697,83.2164,81.143,81.143,84.7714,86.8448,82.5253,84.7714,83.9075,79.9336,83.9075,93.5832,82.1797,81.8342,79.4152,80.2791,82.5253,83.7348,82.3525,78.3786,83.3892,83.2164,86.3265,82.3525
cc6m_2244_T7_ecorv	36	CTGTG	25d8dea9-62be-4339-84ab-3fc4b2c50e13	t	18	98.38	6.302	0.00375	CTGTG	99.73	3.78	-0.30	116330	116345	104.296,115.008,111.38,93.9288,98.4211,102.913,101.186,100.84,96.5205,92.8921,89.2637,96.6933,91.3371,91.6826,89.2637
cc6m_2244_T7_ecorv	37	TGTGG	25d8dea9-62be-4339-84ab-3fc4b2c50e13	t	19	90.00	4.873	0.00300	TGTGG	99.41	9.69	-0.82	116318	116330	93.4104,89.2637,86.672,89.9548,88.0543,91.3371,79.4152,103.604,89.2637,83.562,95.4838,89.9548
cc6m_2244_T7_ecorv	38	GTGGA	25d8dea9-62be-4339-84ab-3fc4b2c50e13	t	20	97.28	2.453	0.00125	GTGGA	103.60	3.99	-1.33	116313	116318	93.4104,99.8033,97.0388,94.9655,101.186
cc6m_2244_T7_ecorv	38	GTGGA	25d8dea9-62be-4339-84ab-3fc4b2c50e13	t	21	98.94	4.177	0.01050	GTGGA	103.60	3.99	-0.98	116271	116313	97.5572,94.4471,92.5465,99.8033,90.3004,90.1276,90.1276,105.678,93.9288,94.4471,95.1383,104.296,93.9288,91.5099,96.1749,93.2377,99.285,104.123,97.3844,101.013,95.311,103.777,99.4578,96.6933,105.505,102.913,92.201,96.6933,102.568,103.777,100.322,100.667,100.667,103.95,108.615,98.4211,104.641,101.186,102.913,102.913,106.196,101.186
cc6m_2244_T7_ecorv	38	GTGGA	25d8dea9-62be-4339-84ab-3fc4b2c50e13	t	22	96.97	4.301	0.00400	NNNNN	0.00	0.00	inf	116255	116271	99.9761,88.7454,87.0176,86.4992,99.9761,98.7666,102.222,99.9761,104.123,99.8033,95.311,98.5939,95.4838,96.3477,99.8033,98.9394
cc6m_2244_T7_ecorv	41	GAAGT	25d8dea9-62be-4339-84ab-3fc4b2c50e13	t	23	103.11	1.575	0.00175	GAAGT	103.99	4.06	-0.18	116248	116255	99.9761,102.741,105.332,105.332,101.186,103.95,103.259
cc6m_2244_T7_ecorv	41	GAAGT	25d8dea9-62be-4339-84ab-3fc4b2c50e13	t	24	101.60	6.196	0.01200	GAAGT	103.99	4.06	-0.49	116200	116248	109.133,101.531,101.531,113.799,103.259,96.3477,97.9027,112.762,112.762,121.401,117.945,108.615,89.4365,96.3477,107.06,96.1749,106.715,109.306,105.505,100.494,95.6566,102.913,109.997,109.652,89.0909,96.8661,95.4838,110.343,107.578,100.494,100.494,95.311,98.0755,92.8921,103.95,92.5465,102.222,98.7666,100.84,99.8033,92.201,94.6199,94.9655,95.4838,97.2116,96.8661,96.3477,98.2483
cc6m_2244_T7_ecorv	42	AAGTC	25d8dea9-62be-4339-84ab-3fc4b2c50e13	t	25	112.36	4.908	0.00225	AAGTC	114.94	4.03	-0.54	116191	116200	115.699,113.28,119.846,112.935,110.861,109.133,110.861,99.285,119.328
cc6m_2244_T7_ecorv	43	AGTCG	25d8dea9-62be-4339-84ab-3fc4b2c50e13	t	26	120.79	4.482	0.00475	AGTCG	122.92	6.07	-0.29	116172	116191	116.736,131.94,117.772,126.239,126.239,120.537,126.584,115.008,122.438,122.265,111.552,115.354,125.72,125.029,116.563,120.537,112.244,122.438,119.846
cc6m_2244_T7_ecorv	44	GTCGA	25d8dea9-62be-4339-84ab-3fc4b2c50e13	t	27	87.80	1.889	0.00225	GTCGA	83.26	2.30	1.66	116163	116172	87.7087,89.9548,86.3265,88.0543,86.1537,83.0436,88.5726,90.646,89.7821
cc6m_2244_T7_ecorv	45	TCGAT	25d8dea9-62be-4339-84ab-3fc4b2c50e13	t	28	91.01	1.414	0.00200	TCGAT	99.04	3.99	-1.69	116155	116163	88.0543,92.8921,92.201,93.4104,90.1276,89.6093,90.646,91.1643
cc6m_2244_T7_ecorv	45	TCGAT	25d8dea9-62be-4339-84ab-3fc4b2c50e13	t	29	96.91	2.857	0.00500	TCGAT	99.04	3.99	-0.45	116135	116155	96.3477,99.6305,92.3738,98.0755,91.5099,101.531,97.5572,94.4471,101.013,93.4104,97.9027,102.913,93.5832,103.259,94.2744,94.2744,98.0755,94.4471,97.9027,95.6566
cc6m_2244_T7_ecorv	46	CGATG	25d8dea9-62be-4339-84ab-3fc4b2c50e13	t	30	103.55	5.114	0.00250	CGATG	114.13	5.10	-1.74	116125	116135	118.464,111.207,99.4578,102.395,97.73,101.186,103.259,100.84,101.013,99.9761
cc6m_2244_T7_ecorv	47	GATGA	25d8dea9-62be-4339-84ab-3fc4b2c50e13	t	31	76.60	6.790	0.01225	GATGA	79.44	3.87	-0.62	116076	116125	66.1112,73.0224,78.3786,70.6034,78.7241,63.5195,74.0591,73.3679,80.2791,76.6508,76.8235,74.5774,74.7502,76.1324,73.3679,83.2164,69.7395,77.5147,78.3786,76.478,72.8496,73.3679,72.6768,75.7869,74.2318,80.1064,73.8863,75.2685,73.5407,78.7241,74.923,79.588,74.0591,76.1324,101.877,107.578,79.9336,70.6034,75.0957,78.7241,66.8023,69.0484,73.5407,75.4413,75.6141,77.1691,100.667,84.5987,65.9384
cc6m_2244_T7_ecorv	47	GATGA	25d8dea9-62be-4339-84ab-3fc4b2c50e13	t	32	76.90	2.794	0.01200	GATGA	79.44	3.87	-0.55	116028	116076	72.504,78.7241,72.1585,76.3052,78.033,78.033,78.7241,74.2318,76.478,77.3419,79.4152,73.7135,74.4046,76.8235,74.7502,75.2685,81.6614,76.3052,75.4413,77.6874,77.1691,71.9857,81.143,74.2318,79.2425,73.1952,76.6508,78.033,72.3313,83.2164,79.4152,76.6508,77.1691,80.7975,74.923,76.478,77.3419,78.2058,83.0436,70.4307,71.8129,83.9075,76.478,84.5987,74.7502,72.8496,80.7975,76.478
cc6m_2244_T7_ecorv	47	GATGA	25d8dea9-62be-4339-84ab-3fc4b2c50e13	t	33	79.57	2.105	0.00275	GATGA	79.44	3.87	0.03	116017	116028	76.1324,78.7241,78.3786,84.2531,78.7241,82.1797,78.7241,77.6874,76.9963,80.2791,83.2164
cc6m_2244_T7_ecorv	48	ATGAA	25d8dea9-62be-4339-84ab-3fc4b2c50e13	t	34	86.50	1.680	0.00200	ATGAA	94.58	4.49	-1.51	116009	116017	83.2164,85.6353,87.1904,89.7821,88.3998,85.4626,87.5359,84.7714
cc6m_2244_T7_ecorv	49	TGAAT	25d8dea9-62be-4339-84ab-3fc4b2c50e13	t	35	105.32	2.437	0.00250	TGAAT	120.76	5.56	-2.34	115999	116009	103.259,107.233,101.531,104.123,103.086,109.479,101.186,106.715,108.788,107.751
cc6m_2244_T7_ecorv	50	GAATC	25d8dea9-62be-4339-84ab-3fc4b2c50e13	t	36	107.83	2.524	0.00325	GAATC	109.54	3.11	-0.46	115986	115999	112.762,110.516,112.589,109.997,102.395,103.777,106.369,106.369,106.023,108.788,107.233,106.542,108.442
cc6m_2244_T7_ecorv	51	AATCA	25d8dea9-62be-4339-84ab-3fc4b2c50e13	t	37	91.28	1.434	0.00150	AATCA	100.24	5.70	-1.32	115980	115986	90.646,94.6199,91.1643,91.3371,88.9182,90.9915
cc6m_2244_T7_ecorv	51	AATCA	25d8dea9-62be-4339-84ab-3fc4b2c50e13	t	38	109.39	2.697	0.00150	AATCA	100.24	5.70	1.35	115974	115980	109.825,112.935,103.604,110.343,107.233,112.416
cc6m_2244_T7_ecorv	51	AATCA	25d8dea9-62be-4339-84ab-3fc4b2c50e13	t	39	94.45	4.046	0.00600	AATCA	100.24	5.70	-0.85	115950	115974	95.311,96.0022,92.5465,85.117,91.8554,94.9655,82.8708,93.756,101.186,93.5832,89.0909,92.0282,96.1749,96.3477,94.7927,96.3477,95.4838,98.0755,93.9288,103.086,99.9761,102.913,92.0282,89.4365
cc6m_2244_T7_ecorv	51	AATCA	25d8dea9-62be-4339-84ab-3fc4b2c50e13	t	40	97.96	5.519	0.00325	AATCA	100.24	5.70	-0.34	115937	115950	107.751,89.9548,84.4259,99.285,97.3844,92.3738,100.149,103.259,99.1122,101.013,93.2377,97.0388,108.442
cc6m_2244_T7_ecorv	52	ATCAA	25d8dea9-62be-4339-84ab-3fc4b2c50e13	t	41	81.29	2.942	0.00475	ATCAA	78.88	2.30	0.88	115918	115937	79.4152,78.8969,81.4886,78.033,79.0697,82.1797,82.8708,77.6874,76.3052,80.2791,80.4519,76.8235,78.8969,85.6353,84.5987,89.4365,80.9703,85.117,86.3265
cc6m_2244_T7_ecorv	52	ATCAA	25d8dea9-62be-4339-84ab-3fc4b2c50e13	t	42	78.19	1.573	0.00275	ATCAA	78.88	2.30	-0.25	115907	115918	79.588,79.2425,76.6508,82.1797,77.1691,78.2058,78.3786,79.588,77.8602,75.2685,75.9596
cc6m_2244_T7_ecorv	52	ATCAA	25d8dea9-62be-4339-84ab-3fc4b2c50e13	t	43	75.15	2.004	0.00450	ATCAA	78.88	2.30	-1.36	115889	115907	78.033,75.0957,76.478,75.9596,77.5147,73.7135,76.9963,78.033,73.1952,75.0957,76.9963,74.923,74.923,74.4046,75.0957,73.8863,75.0957,67.3206
cc6m_2244_T7_ecorv	52	ATCAA	25d8dea9-62be-4339-84ab-3fc4b2c50e13	t	44	79.43	1.434	0.00625	ATCAA	78.88	2.30	0.20	115864	115889	79.7608,78.8969,80.2791,79.4152,82.8708,81.4886,78.3786,76.1324,81.143,76.1324,78.8969,82.1797,78.3786,78.7241,78.5513,79.7608,77.5147,81.143,78.5513,78.3786,77.6874,81.6614,79.7608,80.7975,79.2425
cc6m_2244_T7_ecorv	52	ATCAA	25d8dea9-62be-4339-84ab-3fc4b2c50e13	t	45	78.98	1.192	0.00475	ATCAA	78.88	2.30	0.04	115845	115864	80.7975,81.143,78.3786,80.2791,78.3786,80.4519,79.4152,77.5147,79.9336,80.7975,77.5147,79.2425,80.2791,77.3419,76.478,77.3419,78.5513,79.4152,77.3419
cc6m_2244_T7_ecorv	52	ATCAA	25d8dea9-62be-4339-84ab-3fc4b2c50e13	t	46	77.97	1.298	0.00325	ATCAA	78.88	2.30	-0.33	115832	115845	80.1064,79.0697,79.0697,77.3419,78.8969,79.0697,77.3419,80.4519,77.3419,76.8235,75.4413,75.6141,76.9963
cc6m_2244_T7_ecorv	52	ATCAA	25d8dea9-62be-4339-84ab-3fc4b2c50e13	t	47	76.97	0.628	0.00175	ATCAA	78.88	2.30	-0.70	115825	115832	76.9963,76.9963,78.3786,75.9596,76.1324,77.3419,76.9963
cc6m_2244_T7_ecorv	52	ATCAA	25d8dea9-62be-4339-84ab-3fc4b2c50e13	t	48	79.22	1.710	0.01275	ATCAA	78.88	2.30	0.12	115774	115825	78.033,78.7241,76.8235,78.8969,81.3158,78.7241,77.6874,78.5513,79.0697,77.6874,81.3158,81.4886,78.033,80.9703,78.2058,78.2058,79.588,77.3419,76.8235,80.6247,78.3786,82.007,80.7975,80.6247,76.8235,76.8235,78.5513,82.3525,81.6614,76.3052,80.6247,82.3525,79.9336,77.8602,78.5513,79.2425,78.8969,78.033,80.9703,77.3419,77.6874,80.9703,77.3419,76.478,87.1904,80.6247,78.3786,80.1064,76.6508,78.3786,80.1064
cc6m_2244_T7_ecorv	52	ATCAA	25d8dea9-62be-4339-84ab-3fc4b2c50e13	t	49	81.41	1.736	0.00600	ATCAA	78.88	2.30	0.92	115750	115774	81.4886,82.6981,83.7348,84.5987,83.9075,81.3158,79.4152,78.2058,80.2791,80.2791,82.1797,81.3158,82.3525,77.3419,78.7241,80.4519,82.007,82.5253,86.8448,81.6614,80.9703,79.9336,80.4519,81.143
cc6m_2244_T7_ecorv	53	TCAAA	25d8dea9-62be-4339-84ab-3fc4b2c50e13	t	50	87.04	2.165	0.00175	TCAAA	87.61	3.02	-0.16	115743	115750	84.2531,89.4365,82.3525,88.227,88.227,89.7821,87.0176
cc6m_2244_T7_ecorv	53	TCAAA	25d8dea9-62be-4339-84ab-3fc4b2c50e13	t	51	82.89	1.673	0.00200	TCAAA	87.61	3.02	-1.31	115735	115743	84.5987,87.1904,83.562,81.8342,81.4886,82.007,81.3158,81.143
cc6m_2244_T7_ecorv	53	TCAAA	25d8dea9-62be-4339-84ab-3fc4b2c50e13	t	52	94.85	2.020	0.00225	TCAAA	87.61	3.02	2.02	115726	115735	93.0649,89.7821,97.0388,96.5205,97.5572,96.1749,92.8921,94.4471,96.1749
cc6m_2244_T7_ecorv	53	TCAAA	25d8dea9-62be-4339-84ab-3fc4b2c50e13	t	53	84.38	2.063	0.00200	TCAAA	87.61	3.02	-0.90	115718	115726	89.7821,81.143,82.8708,83.2164,83.3892,85.9809,83.7348,84.9442
cc6m_2244_T7_ecorv	53	TCAAA	25d8dea9-62be-4339-84ab-3fc4b2c50e13	t	54	97.47	2.214	0.00200	TCAAA	87.61	3.02	2.75	115710	115718	94.9655,96.8661,103.259,99.1122,94.9655,95.8294,98.5939,96.1749
cc6m_2244_T7_ecorv	53	TCAAA	25d8dea9-62be-4339-84ab-3fc4b2c50e13	t	55	91.73	2.621	0.01000	TCAAA	87.61	3.02	1.15	115670	115710	91.8554,94.1016,90.8187,90.3004,94.9655,89.9548,90.1276,95.4838,92.201,90.3004,87.7087,96.8661,90.8187,93.0649,90.1276,89.7821,91.3371,85.117,90.8187,89.2637,92.0282,91.1643,89.4365,93.0649,94.6199,88.7454,88.9182,87.3631,95.6566,85.9809,92.0282,93.5832,101.186,92.201,90.8187,98.2483,91.3371,92.3738,92.201,93.4104
cc6m_2244_T7_ecorv	53	TCAAA	25d8dea9-62be-4339-84ab-3fc4b2c50e13	t	56	96.96	3.206	0.00475	TCAAA	87.61	3.02	2.60	115651	115670	101.531,91.1643,100.84,100.322,93.9288,99.6305,93.5832,94.2744,100.667,93.2377,96.0022,99.4578,102.395,94.2744,96.3477,97.3844,89.0909,96.3477,101.704
cc6m_2244_T7_ecorv	53	TCAAA	25d8dea9-62be-4339-84ab-3fc4b2c50e13	t	57	91.11	2.153	0.00250	TCAAA	87.61	3.02	0.98	115641	115651	91.1643,88.0543,92.3738,90.646,90.3004,85.9809,94.9655,93.756,93.2377,90.646
cc6m_2244_T7_ecorv	54	CAAAA	25d8dea9-62be-4339-84ab-3fc4b2c50e13	t	58	98.39	2.142	0.00650	CAAAA	105.72	2.68	-2.30	115615	115641	97.2116,100.322,101.186,94.6199,99.1122,95.4838,103.259,99.8033,98.4211,98.0755,99.8033,100.667,98.2483,99.1122,103.432,101.531,95.4838,99.9761,96.5205,98.5939,96.6933,98.4211,93.5832,94.1016,97.3844,97.0388
cc6m_2244_T7_ecorv	54	CAAAA	25d8dea9-62be-4339-84ab-3fc4b2c50e13	t	59	105.24	2.479	0.01375	CAAAA	105.72	2.68	-0.15	115560	115615	107.406,108.615,108.097,108.27,107.406,106.023,106.542,107.233,107.578,104.468,106.715,110.343,108.442,106.542,105.851,102.222,104.123,103.95,106.887,106.715,108.097,108.27,107.406,104.641,103.259,103.95,102.568,97.3844,105.16,109.479,103.777,100.84,109.133,108.27,101.013,108.615,103.259,108.961,108.961,101.704,106.542,103.432,104.814,102.913,103.432,102.913,99.1122,100.84,107.924,103.432,101.358,105.16,104.641,100.322,103.259
cc6m_2244_T7_ecorv	55	AAAAA	25d8dea9-62be-4339-84ab-3fc4b2c50e13	t	60	109.79	0.993	0.00225	AAAAA	108.90	2.68	0.28	115551	115560	108.615,108.097,111.207,109.825,110.17,110.343,110.343,111.38,108.097
cc6m_2244_T7_ecorv	56	AAAAC	25d8dea9-62be-4339-84ab-3fc4b2c50e13	t	61	105.68	1.714	0.00600	AAAAC	107.75	2.68	-0.65	115527	115551	105.851,105.332,106.887,108.788,107.751,106.715,105.678,103.777,102.222,106.715,107.924,106.715,100.494,102.568,104.641,103.95,109.479,106.369,105.505,106.196,104.987,105.851,107.06,104.814
cc6m_2244_T7_ecorv	57	AAACC	25d8dea9-62be-4339-84ab-3fc4b2c50e13	t	62	103.37	7.848	0.00650	AAACC	100.00	3.45	0.82	115501	115527	105.851,103.604,103.604,102.222,107.924,108.788,107.924,105.332,108.27,101.013,106.887,99.285,103.777,110.516,105.505,109.652,110.861,59.3727,104.123,104.123,102.395,103.777,102.913,101.358,104.641,103.95
cc6m_2244_T7_ecorv	57	AAACC	25d8dea9-62be-4339-84ab-3fc4b2c50e13	t	63	98.71	3.598	0.00325	AAACC	100.00	3.45	-0.31	115488	115501	101.877,103.259,98.9394,99.9761,92.0282,102.568,99.4578,102.395,102.913,100.494,93.9288,90.1276,95.311
cc6m_2244_T7_ecorv	57	AAACC	25d8dea9-62be-4339-84ab-3fc4b2c50e13	t	64	110.56	3.810	0.00300	AAACC	100.00	3.45	2.57	115476	115488	109.479,111.207,110.516,111.898,105.332,113.453,112.071,98.0755,113.799,113.28,111.898,115.699
cc6m_2244_T7_ecorv	58	AACCT	25d8dea9-62be-4339-84ab-3fc4b2c50e13	t	65	83.71	2.467	0.00525	AACCT	84.27	2.81	-0.17	115455	115476	84.5987,87.0176,88.7454,85.2898,79.2425,89.4365,88.0543,83.7348,81.143,84.2531,81.143,84.2531,83.2164,85.6353,84.0803,82.8708,81.3158,79.4152,83.9075,80.9703,79.588
cc6m_2244_T7_ecorv	58	AACCT	25d8dea9-62be-4339-84ab-3fc4b2c50e13	t	66	80.31	2.244	0.00325	AACCT	84.27	2.81	-1.19	115442	115455	80.6247,83.562,79.7608,80.1064,84.2531,77.3419,78.033,74.5774,83.9075,79.7608,80.1064,79.588,82.3525
cc6m_2244_T7_ecorv	59	ACCTT	25d8dea9-62be-4339-84ab-3fc4b2c50e13	t	67	75.71	1.538	0.00975	ACCTT	72.21	2.35	1.25	115403	115442	76.1324,75.4413,77.6874,75.9596,74.7502,73.8863,75.9596,75.9596,74.4046,78.033,75.6141,75.2685,75.0957,76.9963,74.923,82.8708,75.7869,78.7241,76.6508,75.0957,76.3052,74.2318,76.3052,75.6141,72.3313,76.8235,75.6141,73.8863,72.3313,73.5407,76.9963,76.1324,73.8863,74.7502,77.3419,75.2685,74.5774,76.9963,74.4046
cc6m_2244_T7_ecorv	59	ACCTT	25d8dea9-62be-4339-84ab-3fc4b2c50e13	t	68	74.44	1.223	0.00400	ACCTT	72.21	2.35	0.80	115387	115403	74.7502,73.7135,75.4413,73.5407,75.9596,75.6141,74.923,73.7135,77.6874,70.7762,74.0591,74.2318,73.0224,74.0591,74.923,74.5774
cc6m_2244_T7_ecorv	59	ACCTT	25d8dea9-62be-4339-84ab-3fc4b2c50e13	t	69	73.30	0.840	0.00200	ACCTT	72.21	2.35	0.39	115379	115387	74.5774,72.504,74.7502,74.2318,73.1952,72.6768,72.1585,72.3313
cc6m_2244_T7_ecorv	60	CCTTG	25d8dea9-62be-4339-84ab-3fc4b2c50e13	t	70	83.03	2.089	0.00450	CCTTG	77.66	2.42	1.87	115361	115379	83.0436,82.5253,80.1064,82.6981,82.6981,86.4992,82.3525,85.9809,83.9075,83.3892,86.8448,82.007,84.0803,80.7975,87.0176,77.3419,80.1064,83.2164
cc6m_2244_T7_ecorv	61	CTTGG	25d8dea9-62be-4339-84ab-3fc4b2c50e13	t	71	88.99	2.378	0.00350	CTTGG	88.30	2.65	0.22	115347	115361	86.3265,93.4104,83.0436,89.0909,88.9182,90.9915,93.9288,90.8187,89.6093,87.7087,88.0543,85.2898,89.4365,89.2637
cc6m_2244_T7_ecorv	61	CTTGG	25d8dea9-62be-4339-84ab-3fc4b2c50e13	t	72	94.24	2.821	0.00800	CTTGG	88.30	2.65	1.88	115315	115347	98.0755,93.756,96.5205,99.4578,95.4838,93.5832,93.2377,98.9394,95.4838,97.0388,98.4211,90.3004,95.8294,94.7927,94.7927,91.1643,96.3477,93.2377,97.5572,92.0282,92.5465,89.6093,97.73,84.5987,88.0543,93.2377,91.5099,96.5205,98.2483,92.8921,92.3738,92.201
cc6m_2244_T7_ecorv	62	TTGGA	25d8dea9-62be-4339-84ab-3fc4b2c50e13	t	73	106.99	2.672	0.00500	TTGGA	105.73	3.99	0.27	115295	115315	103.259,104.641,112.071,102.049,102.395,105.851,105.678,106.369,102.741,110.861,107.751,105.678,109.825,108.788,108.615,106.887,109.306,113.971,105.678,107.406
cc6m_2244_T7_ecorv	62	TTGGA	25d8dea9-62be-4339-84ab-3fc4b2c50e13	t	74	108.20	2.131	0.00550	TTGGA	105.73	3.99	0.52	115273	115295	112.589,108.615,111.034,109.997,107.924,105.678,107.406,108.442,108.788,106.023,104.814,109.133,104.468,108.442,102.913,111.552,105.851,106.023,109.652,109.997,112.071,108.961
cc6m_2244_T7_ecorv	62	TTGGA	25d8dea9-62be-4339-84ab-3fc4b2c50e13	t	75	107.21	3.168	0.00500	TTGGA	105.73	3.99	0.31	115253	115273	105.505,104.123,108.615,105.505,113.971,107.406,102.395,114.144,114.835,110.688,107.06,107.406,106.196,102.395,103.95,107.233,103.95,110.516,103.777,104.468
cc6m_2244_T7_ecorv	62	TTGGA	25d8dea9-62be-4339-84ab-3fc4b2c50e13	t	76	98.50	2.357	0.00225	TTGGA	105.73	3.99	-1.52	115244	115253	101.358,97.2116,96.1749,92.5465,98.0755,99.1122,99.8033,102.395,99.8033
cc6m_2244_T7_ecorv	62	TTGGA	25d8dea9-62be-4339-84ab-3fc4b2c50e13	t	77	109.70	3.301	0.01225	TTGGA	105.73	3.99	0.84	115195	115244	108.615,116.909,113.626,112.071,113.28,113.971,110.861,113.28,113.626,112.244,112.071,108.097,111.207,108.27,119.328,116.563,108.442,107.578,111.034,106.023,111.38,109.479,109.997,114.835,104.123,104.641,107.406,109.652,112.762,112.589,108.097,109.133,109.306,112.244,104.468,101.186,109.479,105.678,113.28,106.715,107.406,104.814,109.479,99.1122,107.578,105.16,111.38,107.578,109.133
cc6m_2244_T7_ecorv	63	TGGAC	25d8dea9-62be-4339-84ab-3fc4b2c50e13	t	78	118.04	1.874	0.00175	TGGAC	118.05	3.17	-0.00	115188	115195	121.746,118.291,118.809,113.971,118.291,116.39,118.809
cc6m_2244_T7_ecorv	63	TGGAC	25d8dea9-62be-4339-84ab-3fc4b2c50e13	t	79	115.08	1.667	0.00175	TGGAC	118.05	3.17	-0.79	115181	115188	115.699,116.045,116.736,115.181,116.563,110.516,114.835
cc6m_2244_T7_ecorv	63	TGGAC	25d8dea9-62be-4339-84ab-3fc4b2c50e13	t	80	115.77	4.840	0.00700	TGGAC	118.05	3.17	-0.60	115153	115181	113.107,117.254,121.228,115.699,115.699,115.354,117.6,114.662,116.217,115.526,118.809,115.526,119.846,117.427,109.306,88.7454,115.181,115.699,116.736,119.328,119.846,118.809,117.772,117.427,116.39,114.317,118.118,119.846
cc6m_2244_T7_ecorv	64	GGACC	25d8dea9-62be-4339-84ab-3fc4b2c50e13	t	81	119.11	3.559	0.00425	GGACC	119.23	4.79	-0.02	115136	115153	110.516,121.401,121.919,120.191,120.537,116.217,121.401,120.883,121.919,106.887,120.019,119.673,121.055,121.574,123.474,120.364,116.909
cc6m_2244_T7_ecorv	65	GACCC	25d8dea9-62be-4339-84ab-3fc4b2c50e13	t	82	90.50	9.403	0.00175	GACCC	79.18	2.81	3.39	115129	115136	88.9182,83.2164,94.4471,108.27,102.913,79.2425,76.478
cc6m_2244_T7_ecorv	65	GACCC	25d8dea9-62be-4339-84ab-3fc4b2c50e13	t	83	75.07	1.273	0.00175	GACCC	79.18	2.81	-1.23	115122	115129	74.7502,76.9963,76.9963,73.3679,75.9596,73.0224,74.4046
cc6m_2244_T7_ecorv	65	GACCC	25d8dea9-62be-4339-84ab-3fc4b2c50e13	t	84	79.67	4.983	0.00750	GACCC	79.18	2.81	0.15	115092	115122	77.1691,76.1324,80.1064,78.2058,77.5147,75.4413,73.1952,78.033,97.73,75.0957,83.2164,77.6874,78.3786,78.5513,88.7454,76.9963,76.9963,78.5513,79.7608,78.033,75.9596,74.2318,97.2116,73.5407,80.2791,78.033,80.2791,79.2425,88.9182,76.9963
cc6m_2244_T7_ecorv	65	GACCC	25d8dea9-62be-4339-84ab-3fc4b2c50e13	t	85	78.51	2.446	0.00500	GACCC	79.18	2.81	-0.20	115072	115092	77.6874,75.0957,73.8863,80.9703,76.9963,77.5147,76.6508,78.3786,78.3786,76.3052,78.7241,78.033,76.9963,77.6874,88.227,79.9336,77.6874,82.1797,79.7608,79.0697
cc6m_2244_T7_ecorv	66	ACCCT	25d8dea9-62be-4339-84ab-3fc4b2c50e13	t	86	70.54	1.216	0.00725	ACCCT	68.10	2.07	0.99	115043	115072	71.2946,70.949,71.1218,70.2579,71.8129,68.0117,69.9123,68.3573,70.0851,70.0851,70.949,71.8129,71.6401,69.9123,70.6034,71.9857,68.5301,70.2579,69.7395,67.839,70.2579,70.7762,71.4673,71.4673,69.5668,69.0484,75.0957,70.949,71.8129
cc6m_2244_T7_ecorv	66	ACCCT	25d8dea9-62be-4339-84ab-3fc4b2c50e13	t	87	67.78	1.170	0.00300	ACCCT	68.10	2.07	-0.13	115031	115043	69.0484,68.7029,66.2839,67.4934,64.3834,66.8023,68.0117,68.7029,68.8756,68.5301,69.394,67.1478
cc6m_2244_T7_ecorv	66	ACCCT	25d8dea9-62be-4339-84ab-3fc4b2c50e13	t	88	70.69	1.203	0.00450	ACCCT	68.10	2.07	1.05	115013	115031	69.394,70.0851,72.3313,71.4673,69.2212,70.7762,72.3313,70.7762,70.0851,70.7762,67.1478,71.1218,70.2579,73.8863,71.9857,70.0851,69.9123,70.7762
cc6m_2244_T7_ecorv	66	ACCCT	25d8dea9-62be-4339-84ab-3fc4b2c50e13	t	89	67.15	1.357	0.00250	ACCCT	68.10	2.07	-0.39	115003	115013	66.4567,66.2839,66.9751,66.6295,65.7656,67.6662,67.3206,70.7762,68.8756,64.7289
cc6m_2244_T7_ecorv	67	CCCTA	25d8dea9-62be-4339-84ab-3fc4b2c50e13	t	90	68.70	2.284	0.00325	CCCTA	69.67	2.35	-0.35	114990	115003	67.4934,71.6401,66.9751,65.7656,64.9017,69.0484,68.5301,71.9857,67.839,64.9017,74.0591,70.4307,69.5668
cc6m_2244_T7_ecorv	68	CCTAT	25d8dea9-62be-4339-84ab-3fc4b2c50e13	t	91	81.09	2.785	0.00250	CCTAT	82.63	2.63	-0.49	114980	114990	81.8342,81.6614,81.3158,80.7975,87.0176,80.2791,76.3052,83.3892,83.3892,74.923
cc6m_2244_T7_ecorv	68	CCTAT	25d8dea9-62be-4339-84ab-3fc4b2c50e13	t	92	84.64	1.334	0.00500	CCTAT	82.63	2.63	0.64	114960	114980	84.5987,82.8708,83.562,85.2898,85.8081,84.7714,84.2531,85.117,81.3158,83.9075,83.9075,84.9442,85.8081,84.9442,84.5987,82.8708,83.562,85.9809,89.4365,85.2898
cc6m_2244_T7_ecorv	68	CCTAT	25d8dea9-62be-4339-84ab-3fc4b2c50e13	t	93	81.13	1.101	0.00300	CCTAT	82.63	2.63	-0.48	114948	114960	80.4519,80.4519,80.6247,80.9703,82.8708,83.0436,79.0697,83.3892,80.7975,81.8342,80.1064,79.9336
cc6m_2244_T7_ecorv	68	CCTAT	25d8dea9-62be-4339-84ab-3fc4b2c50e13	t	94	84.77	2.297	0.00200	CCTAT	82.63	2.63	0.68	114940	114948	80.9703,82.3525,87.7087,85.6353,85.2898,88.0543,87.0176,81.143
cc6m_2244_T7_ecorv	69	CTATC	25d8dea9-62be-4339-84ab-3fc4b2c50e13	t	95	92.22	2.321	0.00300	CTATC	91.53	2.63	0.22	114928	114940	97.0388,93.5832,97.3844,89.0909,92.8921,92.3738,93.0649,90.1276,90.4732,88.5726,92.3738,89.6093
cc6m_2244_T7_ecorv	70	TATCT	25d8dea9-62be-4339-84ab-3fc4b2c50e13	t	96	81.78	2.659	0.00225	TATCT	94.81	5.70	-1.92	114919	114928	82.8708,88.3998,80.9703,78.5513,81.143,76.478,82.3525,81.4886,83.7348
cc6m_2244_T7_ecorv	71	ATCTC	25d8dea9-62be-4339-84ab-3fc4b2c50e13	t	97	76.65	1.739	0.00225	ATCTC	76.56	2.07	0.04	114910	114919	77.3419,76.478,79.588,75.2685,80.7975,74.923,75.2685,74.923,75.2685
cc6m_2244_T7_ecorv	72	TCTCA	25d8dea9-62be-4339-84ab-3fc4b2c50e13	t	98	81.97	3.499	0.00225	TCTCA	76.05	2.85	1.75	114901	114910	77.5147,78.7241,87.1904,88.7454,79.9336,85.117,81.143,76.1324,83.2164
cc6m_2244_T7_ecorv	73	CTCAC	25d8dea9-62be-4339-84ab-3fc4b2c50e13	t	99	73.32	1.683	0.00175	CTCAC	76.73	2.30	-1.25	114894	114901	74.5774,74.5774,68.8756,74.7502,74.0591,72.1585,74.2318
